cwnd_size
2920
4380
5840
7300
8760
10220
10220
10220
9490
5110
5110
5110
1460
2920
1460
2920
2920
1460
2920
1460
2920
2920
2920
1460
2920
2920
1460
2920
2920
2920
1460
2920
2920
2920
5840
1460
1460
1460
2920
3650
4234
4737
5186
5186
5186
6973
2593
2593
2593
1460
2920
2920
1460
2920
2920
2920
5840
1460
1460
1460
2920
2920
2920
5840
1460
2920
3650
3650
3650
6205
1825
1460
2920
2920
1460
2920
1460
2920
1460
2920
2920
2920
5840
1460
1460
1460
2920
2920
1460
2920
2920
2920
5840
1460
1460
1460
2920
2920
2920
5840
7300
1460
2920
2920
2920
1460
2920
1460
2920
2920
1460
2920
1460
2920
2920
2920
1460
2920
2920
2920
1460
2920
2920
1460
2920
3650
4234
4737
5186
5186
5186
6973
2593
2593
1460
2920
2920
2920
5840
7300
1460
1460
1460
2920
2920
2920
5840
1460
1460
1460
2920
3650
4234
4234
4234
6497
2117
1460
2920
2920
1460
2920
2920
1460
2920
2920
2920
1460
2920
2920
1460
2920
3650
4234
4737
5186
5597
5977
5977
5977
7368
2988
1460
2920
1460
2920
2920
1460
2920
2920
1460
2920
2920
1460
2920
2920
2920
1460
2920
2920
2920
1460
2920
3650
3650
3650
6205
1825
1460
2920
1460
2920
2920
1460
2920
2920
2920
1460
2920
2920
1460
2920
2920
1460
2920
2920
2920
1460
2920
2920
2920
1460
2920
2920
2920
5840
1460
1460
1460
2920
2920
1460
2920
2920
2920
5840
1460
2920
3650
4234
4234
4234
6497
2117
2117
2117
1460
2920
3650
4234
4737
5186
5597
5977
6333
6669
6669
6669
7714
3334
3334
1460
2920
2920
2920
5840
7300
1460
1460
1460
1460
2920
2920
2920
5840
1460
2920
2920
2920
5840
1460
1460
2920
2920
2920
1460
2920
2920
1460
2920
2920
2920
5840
1460
1460
1460
2920
3650
4234
4737
5186
5597
5977
6333
6333
6333
7546
9006
3166
3166
3166
1460
2920
3650
4234
4737
5186
5186
5186
6973
2593
1460
2920
2920
2920
5840
1460
1460
1460
2920
2920
1460
2920
2920
1460
2920
3650
3650
3650
6205
1825
1825
1460
2920
2920
1460
2920
2920
1460
2920
2920
2920
5840
1460
1460
1460
2920
3650
3650
3650
6205
1825
1825
1460
2920
2920
2920
5840
1460
1460
1460
2920
2920
2920
5840
7300
1460
1460
1460
1460
2920
3650
3650
3650
6205
1825
2993
2993
2993
5876
1496
1496
1460
2920
2920
2920
1460
2920
2920
1460
2920
2920
2920
1460
2920
2920
1460
2920
2920
1460
2920
2920
2920
1460
2920
2920
2920
1460
2920
1460
2920
2920
1460
2920
2920
1460
2920
2920
2920
1460
2920
2920
1460
2920
2920
1460
2920
3650
3650
3650
6205
1825
1825
1460
2920
2920
2920
5840
1460
1460
1460
1460
2920
3650
3650
3650
6205
7665
1825
1825
1460
2920
2920
2920
5840
1460
1460
1460
2920
2920
1460
2920
2920
2920
5840
1460
1460
1460
2920
3650
4234
4737
5186
5186
5186
6973
8433
2593
3415
4039
4566
5032
5032
5032
6896
2516
2516
1460
2920
2920
2920
1460
2920
2920
2920
1460
2920
2920
1460
2920
1460
2920
2920
2920
1460
2920
1460
2920
2920
2920
1460
2920
1460
2920
2920
1460
2920
2920
1460
2920
2920
2920
1460
2920
2920
2920
1460
2920
2920
2920
5840
7300
1460
1460
2920
2920
2920
5840
1460
1460
2920
2920
2920
1460
2920
2920
1460
2920
2920
2920
5840
1460
1460
2920
2920
1460
2920
2920
2920
1460
2920
2920
2920
1460
2920
2920
1460
2920
1460
2920
2920
2920
5840
1460
1460
1460
2920
2920
2920
1460
2920
2920
2920
1460
2920
2920
1460
2920
2920
1460
2920
2920
2920
1460
2920
2920
1460
2920
2920
1460
2920
2920
1460
2920
2920
2920
1460
2920
2920
1460
2920
2920
2920
5840
1460
1460
1460
2920
3650
4234
4737
5186
5186
5186
6973
8433
2593
3415
3415
3415
6087
1707
1707
1707
5233
853
3351
3987
4521
4992
5419
5812
6178
6523
6523
6523
7641
3261
3261
3261
6010
1630
1630
1460
2920
3650
4234
4737
5186
5597
5977
6333
6669
6988
7293
7293
7293
8026
3646
3646
3646
6203
1823
1823
1460
2920
2920
2920
5840
7300
1460
2920
2920
2920
5840
1460
1460
1460
2920
2920
2920
1460
2920
2920
2920
5840
1460
1460
2920
2920
1460
2920
2920
2920
1460
2920
2920
1460
2920
2920
2920
5840
1460
1460
1460
2920
2920
2920
1460
2920
2920
2920
1460
2920
2920
2920
1460
2920
2920
1460
2920
2920
2920
5840
1460
1460
1460
2920
2920
2920
5840
1460
1460
1460
2920
2920
1460
2920
2920
1460
2920
1460
2920
1460
2920
2920
1460
2920
2920
2920
5840
1460
1460
1460
2920
3650
3650
3650
6205
1825
1825
1460
2920
1460
2920
2920
1460
2920
2920
2920
5840
1460
1460
2920
2920
2920
5840
1460
1460
2920
2920
2920
1460
2920
2920
1460
2920
2920
1460
2920
2920
2920
1460
2920
1460
2920
2920
2920
5840
1460
1460
1460
2920
2920
1460
2920
3650
3650
3650
6205
7665
1825
1825
1825
1460
2920
1460
2920
2920
1460
2920
2920
2920
5840
7300
1460
1460
1460
1460
2920
3650
3650
3650
6205
1825
1460
2920
2920
2920
5840
1460
1460
2920
2920
2920
5840
1460
1460
1460
2920
2920
2920
1460
2920
2920
1460
2920
2920
1460
2920
2920
1460
2920
2920
2920
1460
2920
2920
2920
1460
2920
3650
4234
4737
5186
5597
5597
5597
7178
2798
3559
3559
3559
6159
1779
1779
1460
2920
2920
2920
1460
2920
2920
2920
1460
2920
2920
1460
2920
2920
1460
2920
2920
2920
5840
1460
1460
1460
2920
3650
4234
4737
5186
5597
5977
6333
6669
6988
7293
7293
7293
8026
3646
3646
3646
6203
1823
1460
2920
2920
2920
5840
1460
1460
2920
2920
2920
5840
1460
1460
1460
2920
2920
2920
5840
7300
1460
1460
2920
2920
2920
5840
1460
1460
1460
2920
1460
2920
2920
2920
5840
1460
1460
1460
2920
3650
4234
4737
5186
5597
5977
6333
6669
6669
6669
7714
3334
3334
3334
6047
1667
1667
1460
2920
3650
4234
4737
5186
5597
5977
6333
6669
6988
7293
7585
7866
8136
8397
8650
8896
9135
9368
9368
9368
9064
10524
4684
4684
4684
6722
2342
2342
2342
1460
2920
3650
3650
3650
6205
1825
1460
2920
2920
2920
1460
2920
2920
1460
2920
1460
2920
2920
2920
5840
1460
1460
1460
2920
3650
3650
3650
6205
7665
1825
1825
1460
2920
1460
2920
2920
2920
1460
2920
2920
2920
5840
1460
2920
3650
3650
3650
6205
1825
2993
2993
2993
5876
1496
1496
1460
2920
1460
2920
2920
1460
2920
2920
1460
2920
1460
2920
2920
1460
2920
1460
2920
2920
2920
5840
1460
1460
1460
2920
2920
2920
5840
1460
1460
1460
2920
3650
4234
4234
4234
6497
2117
2117
1460
2920
1460
2920
2920
1460
2920
2920
2920
1460
2920
1460
2920
2920
1460
2920
2920
2920
1460
2920
2920
1460
2920
2920
1460
2920
2920
2920
1460
2920
2920
1460
2920
1460
2920
2920
2920
5840
7300
1460
1460
1460
2920
2920
2920
5840
7300
1460
2920
3650
4234
4234
4234
6497
2117
1460
2920
2920
2920
1460
2920
2920
2920
5840
1460
2920
3650
3650
3650
6205
1825
1460
2920
1460
2920
2920
2920
1460
2920
2920
1460
2920
2920
1460
2920
1460
2920
2920
2920
1460
2920
2920
1460
2920
2920
1460
2920
1460
2920
2920
1460
2920
2920
2920
5840
1460
2920
2920
2920
5840
7300
1460
1460
1460
2920
2920
2920
5840
7300
1460
1460
1460
1460
2920
3650
4234
4234
4234
6497
2117
3123
3805
4365
4853
5292
5694
5694
5694
7227
2847
2847
2847
1460
2920
2920
2920
5840
7300
1460
1460
2920
2920
2920
1460
2920
2920
1460
2920
1460
2920
2920
2920
1460
2920
2920
1460
2920
2920
1460
2920
2920
2920
1460
2920
1460
2920
2920
2920
5840
1460
1460
1460
2920
2920
2920
1460
2920
3650
4234
4737
5186
5597
5977
5977
5977
7368
8828
2988
2988
2988
5874
1494
1494
1460
2920
2920
2920
1460
2920
3650
3650
3650
6205
7665
1825
1825
1825
1460
2920
2920
2920
5840
1460
1460
1460
2920
2920
2920
5840
1460
1460
1460
2920
2920
2920
1460
2920
3650
4234
4737
4737
4737
6748
2368
1460
2920
2920
1460
2920
2920
1460
2920
2920
1460
2920
2920
2920
1460
2920
2920
1460
2920
2920
2920
5840
1460
1460
2920
2920
2920
5840
7300
8760
1460
1460
1460
1460
2920
2920
2920
5840
1460
1460
1460
2920
2920
2920
5840
7300
1460
2920
3650
3650
3650
6205
1825
1825
1825
1460
2920
2920
1460
2920
2920
2920
5840
7300
1460
1460
1460
1460
2920
1460
2920
2920
1460
2920
2920
1460
2920
2920
1460
2920
2920
1460
2920
2920
1460
2920
2920
1460
2920
2920
2920
5840
7300
1460
1460
1460
2920
2920
2920
5840
7300
1460
2920
3650
4234
4737
4737
4737
6748
8208
2368
3268
3920
4463
4940
5371
5767
6136
6483
6811
6811
6811
7785
9245
10705
3405
3405
3405
6082
1702
1702
1460
2920
3650
3650
3650
6205
7665
1825
1825
1460
2920
1460
2920
2920
2920
5840
1460
1460
1460
2920
2920
1460
2920
2920
1460
2920
2920
1460
2920
2920
1460
2920
1460
2920
2920
1460
2920
2920
2920
1460
2920
2920
1460
2920
2920
1460
2920
3650
4234
4737
5186
5597
5977
6333
6669
6988
7293
7585
7866
7866
7866
8313
9773
11233
12693
14153
15613
17073
18533
19993
21453
22913
24373
3933
3933
3933
6346
7806
9266
10726
12186
13646
15106
16566
18026
1966
1966
1966
5363
6823
8283
983
1460
2920
1460
2920
1460
2920
1460
2920
1460
2920
1460
2920
1460
2920
2920
1460
2920
2920
2920
5840
1460
1460
1460
1460
2920
3650
4234
4737
5186
5186
5186
6973
2593
2593
1460
2920
1460
2920
1460
2920
2920
1460
2920
2920
2920
5840
7300
1460
1460
1460
2920
2920
2920
5840
1460
1460
2920
2920
2920
1460
2920
2920
1460
2920
2920
1460
2920
2920
2920
1460
2920
2920
1460
2920
2920
2920
5840
1460
1460
1460
2920
2920
1460
2920
2920
2920
1460
2920
2920
1460
2920
2920
1460
2920
2920
2920
5840
7300
1460
1460
1460
2920
2920
2920
5840
1460
1460
1460
1460
2920
2920
2920
5840
1460
1460
1460
2920
3650
4234
4234
4234
6497
7957
2117
2117
2117
5438
1058
1058
1460
2920
1460
2920
3650
3650
3650
6205
1825
1460
2920
2920
2920
1460
2920
2920
2920
1460
2920
2920
1460
2920
3650
4234
4737
4737
4737
6748
8208
9668
2368
3268
3268
3268
6014
7474
8934
1634
1634
1634
1460
2920
2920
2920
5840
1460
1460
1460
2920
2920
2920
5840
1460
1460
1460
2920
3650
4234
4737
5186
5597
5977
6333
6669
6988
7293
7585
7585
7585
8172
9632
11092
12552
3792
3792
3792
6276
1896
1896
1460
2920
1460
2920
2920
2920
1460
2920
2920
1460
2920
2920
2920
5840
1460
1460
1460
2920
2920
2920
5840
1460
2920
3650
4234
4234
4234
6497
2117
3123
3805
4365
4365
4365
6562
8022
2182
2182
2182
5471
6931
1091
3044
3744
4313
4313
4313
6536
2156
2156
1460
2920
1460
2920
2920
1460
2920
2920
2920
1460
2920
2920
2920
5840
1460
1460
1460
2920
2920
2920
1460
2920
1460
2920
2920
2920
1460
2920
2920
1460
2920
2920
1460
2920
1460
2920
2920
2920
5840
1460
1460
1460
2920
3650
3650
3650
6205
1825
1825
1460
2920
3650
4234
4737
5186
5186
5186
6973
2593
2593
2593
1460
2920
1460
2920
1460
2920
2920
2920
1460
2920
2920
1460
2920
2920
1460
2920
1460
2920
1460
2920
1460
2920
2920
1460
2920
1460
2920
1460
2920
1460
2920
2920
1460
2920
2920
1460
2920
2920
1460
2920
1460
2920
1460
2920
2920
2920
5840
7300
1460
1460
1460
1460
2920
3650
4234
4234
4234
6497
2117
2117
2117
1460
2920
3650
4234
4737
4737
4737
6748
2368
1460
2920
2920
1460
2920
1460
2920
2920
2920
1460
2920
1460
2920
1460
2920
2920
1460
2920
2920
1460
2920
1460
2920
2920
1460
2920
1460
2920
2920
1460
2920
2920
2920
1460
2920
2920
1460
2920
2920
1460
2920
2920
1460
2920
2920
2920
5840
1460
1460
1460
2920
2920
2920
5840
1460
2920
3650
4234
4737
5186
5597
5977
6333
6669
6988
6988
6988
7874
9334
3494
4104
4623
5084
5503
5890
6251
6592
6915
7223
7518
7518
7518
8139
3759
3759
3759
6259
1879
1879
1460
2920
2920
1460
2920
3650
4234
4737
5186
5186
5186
6973
2593
2593
1460
2920
2920
1460
2920
2920
2920
5840
1460
1460
2920
2920
2920
5840
1460
1460
1460
2920
2920
2920
5840
1460
2920
3650
3650
3650
6205
1825
1825
1460
2920
2920
2920
1460
2920
1460
2920
1460
2920
1460
2920
2920
1460
2920
1460
2920
2920
1460
2920
1460
2920
2920
1460
2920
2920
2920
1460
2920
2920
1460
2920
2920
2920
5840
1460
1460
1460
2920
3650
4234
4234
4234
6497
2117
2117
1460
2920
2920
1460
2920
2920
1460
2920
2920
2920
1460
2920
1460
2920
2920
2920
1460
2920
2920
2920
1460
2920
2920
2920
5840
1460
1460
2920
2920
2920
5840
1460
1460
1460
2920
2920
2920
1460
2920
2920
2920
5840
1460
1460
1460
1460
2920
2920
2920
5840
1460
2920
2920
1460
2920
2920
1460
2920
1460
2920
1460
2920
2920
1460
2920
1460
2920
2920
1460
2920
2920
1460
2920
2920
2920
1460
2920
2920
1460
2920
3650
4234
4737
5186
5597
5597
5597
7178
2798
1460
2920
2920
2920
1460
2920
2920
2920
5840
1460
2920
3650
4234
4737
5186
5597
5597
5597
7178
2798
1460
2920
1460
2920
2920
1460
2920
2920
1460
2920
1460
2920
2920
2920
1460
2920
2920
2920
1460
2920
2920
1460
2920
3650
4234
4234
4234
6497
2117
3123
3805
4365
4853
5292
5292
5292
7026
2646
2646
1460
2920
1460
2920
2920
2920
5840
1460
1460
1460
2920
2920
1460
2920
2920
2920
1460
2920
2920
2920
1460
2920
2920
2920
5840
1460
1460
1460
2920
2920
1460
2920
2920
1460
2920
2920
2920
5840
1460
1460
2920
2920
1460
2920
2920
2920
1460
2920
2920
1460
2920
2920
1460
2920
2920
2920
5840
7300
1460
2920
3650
3650
3650
6205
1825
1460
2920
2920
2920
1460
2920
2920
1460
2920
2920
2920
1460
2920
2920
1460
2920
2920
2920
1460
2920
2920
2920
1460
2920
2920
1460
2920
2920
1460
2920
2920
2920
5840
7300
1460
2920
2920
2920
5840
1460
1460
1460
2920
2920
2920
5840
1460
2920
3650
3650
3650
6205
1825
1460
2920
1460
2920
2920
1460
2920
2920
2920
5840
1460
1460
2920
2920
2920
5840
1460
1460
1460
2920
2920
2920
1460
2920
2920
2920
5840
1460
1460
1460
2920
3650
4234
4234
4234
6497
2117
1460
2920
2920
2920
5840
1460
1460
2920
1460
2920
2920
2920
5840
1460
1460
2920
2920
2920
1460
2920
2920
2920
1460
2920
2920
2920
5840
1460
1460
1460
2920
2920
2920
1460
2920
2920
1460
2920
2920
2920
1460
2920
2920
1460
2920
2920
1460
2920
3650
4234
4737
4737
4737
6748
2368
1460
2920
2920
1460
2920
2920
1460
2920
2920
1460
2920
2920
1460
2920
2920
2920
1460
2920
1460
2920
2920
1460
2920
2920
2920
5840
1460
1460
2920
2920
2920
5840
1460
1460
1460
1460
2920
3650
3650
3650
6205
1825
1825
1460
2920
2920
2920
1460
2920
2920
1460
2920
2920
2920
1460
2920
2920
2920
5840
1460
1460
2920
2920
1460
2920
2920
2920
1460
2920
2920
2920
5840
1460
1460
1460
2920
1460
2920
2920
2920
5840
7300
1460
1460
1460
2920
2920
2920
5840
7300
1460
2920
3650
4234
4737
5186
5186
5186
6973
2593
2593
1460
2920
1460
2920
1460
2920
2920
1460
2920
2920
1460
2920
3650
4234
4737
5186
5597
5597
5597
7178
8638
2798
2798
2798
1460
2920
2920
2920
1460
2920
1460
2920
1460
2920
2920
2920
5840
1460
1460
2920
2920
2920
5840
7300
1460
1460
1460
1460
2920
3650
4234
4737
5186
5186
5186
6973
2593
1460
2920
1460
2920
2920
1460
2920
1460
2920
2920
2920
1460
2920
2920
2920
1460
2920
1460
2920
2920
2920
5840
1460
1460
1460
2920
2920
1460
2920
2920
2920
5840
7300
1460
1460
1460
1460
2920
2920
2920
5840
1460
1460
1460
2920
3650
4234
4737
4737
4737
6748
2368
2368
2368
5564
1184
1184
1460
2920
2920
2920
5840
1460
1460
1460
2920
2920
2920
1460
2920
2920
2920
5840
1460
2920
3650
3650
3650
6205
1825
2993
3705
4280
4778
4778
4778
6769
2389
2389
1460
2920
2920
2920
5840
1460
1460
2920
2920
2920
5840
1460
1460
2920
2920
2920
5840
1460
1460
1460
2920
2920
1460
2920
2920
2920
1460
2920
2920
2920
1460
2920
2920
1460
2920
2920
1460
2920
2920
1460
2920
2920
2920
1460
2920
2920
1460
2920
2920
2920
1460
2920
1460
2920
2920
1460
2920
2920
2920
5840
1460
1460
2920
2920
2920
5840
7300
1460
2920
3650
4234
4234
4234
6497
2117
2117
1460
2920
3650
4234
4234
4234
6497
2117
2117
1460
2920
2920
2920
1460
2920
3650
4234
4234
4234
6497
2117
2117
1460
2920
2920
2920
5840
1460
1460
1460
2920
2920
2920
1460
2920
2920
2920
1460
2920
2920
1460
2920
2920
1460
2920
2920
2920
5840
1460
1460
1460
2920
3650
4234
4737
5186
5597
5597
5597
7178
2798
1460
2920
2920
2920
1460
2920
2920
2920
1460
2920
1460
2920
2920
2920
5840
1460
1460
1460
2920
2920
2920
5840
1460
1460
1460
2920
2920
2920
1460
2920
2920
2920
5840
1460
2920
2920
2920
5840
1460
1460
1460
2920
2920
2920
1460
2920
2920
2920
5840
1460
1460
2920
2920
1460
2920
2920
2920
1460
2920
1460
2920
2920
1460
2920
1460
2920
2920
2920
1460
2920
2920
1460
2920
2920
1460
2920
2920
1460
2920
2920
2920
1460
2920
2920
2920
1460
2920
2920
1460
2920
2920
1460
2920
3650
4234
4234
4234
6497
2117
1460
2920
1460
2920
1460
2920
2920
2920
1460
2920
2920
1460
2920
2920
1460
2920
2920
2920
1460
2920
2920
2920
1460
2920
2920
2920
1460
2920
2920
1460
2920
2920
2920
5840
7300
1460
2920
3650
3650
3650
6205
1825
1460
2920
2920
2920
1460
2920
2920
1460
2920
2920
1460
2920
2920
2920
5840
1460
1460
1460
1460
2920
3650
4234
4737
4737
4737
6748
2368
1460
2920
1460
2920
2920
1460
2920
1460
2920
1460
2920
2920
1460
2920
2920
1460
2920
2920
2920
1460
2920
2920
1460
2920
2920
2920
1460
2920
3650
4234
4737
5186
5186
5186
6973
2593
3415
4039
4566
5032
5032
5032
6896
2516
1460
2920
1460
2920
1460
2920
2920
1460
2920
2920
1460
2920
2920
1460
2920
1460
2920
1460
2920
2920
2920
1460
2920
2920
1460
2920
1460
2920
2920
2920
1460
2920
2920
1460
2920
2920
1460
2920
2920
2920
5840
1460
1460
2920
2920
2920
5840
1460
1460
1460
2920
2920
2920
1460
2920
2920
2920
1460
2920
2920
1460
2920
2920
1460
2920
2920
1460
2920
2920
2920
5840
1460
1460
1460
2920
2920
1460
2920
2920
1460
2920
2920
2920
1460
2920
2920
1460
2920
2920
1460
2920
3650
4234
4234
4234
6497
2117
2117
2117
1460
2920
3650
4234
4234
4234
6497
7957
2117
3123
3805
4365
4853
5292
5694
6068
6419
6419
6419
7589
9049
3209
3873
4423
4423
4423
6591
2211
2211
1460
2920
1460
2920
2920
1460
2920
3650
4234
4737
5186
5597
5597
5597
7178
2798
2798
2798
1460
2920
3650
3650
3650
6205
7665
1825
1825
1460
2920
1460
2920
2920
2920
1460
2920
2920
2920
5840
1460
1460
2920
2920
2920
5840
1460
1460
2920
2920
2920
5840
1460
1460
2920
2920
2920
5840
1460
1460
2920
2920
2920
5840
1460
1460
2920
2920
2920
5840
1460
1460
2920
2920
2920
5840
1460
1460
1460
2920
3650
4234
4737
5186
5186
5186
6973
2593
2593
1460
2920
1460
2920
1460
2920
2920
1460
2920
2920
2920
1460
2920
2920
1460
2920
2920
2920
1460
2920
2920
1460
2920
2920
1460
2920
2920
2920
5840
7300
1460
1460
1460
1460
2920
3650
3650
3650
6205
1825
1825
1460
2920
2920
2920
1460
2920
1460
2920
2920
1460
2920
2920
2920
1460
2920
2920
1460
2920
2920
2920
1460
2920
2920
2920
1460
2920
2920
2920
1460
2920
2920
1460
2920
1460
2920
2920
1460
2920
2920
1460
2920
2920
2920
1460
2920
2920
1460
2920
2920
2920
5840
1460
2920
3650
4234
4737
5186
5597
5597
5597
7178
8638
2798
2798
2798
5779
1399
1399
1460
2920
2920
2920
5840
7300
1460
2920
3650
4234
4737
5186
5186
5186
6973
2593
2593
2593
1460
2920
3650
4234
4737
5186
5186
5186
6973
2593
2593
2593
1460
2920
2920
2920
5840
1460
2920
2920
2920
5840
7300
1460
2920
3650
4234
4737
5186
5186
5186
6973
2593
2593
1460
2920
2920
1460
2920
3650
4234
4234
4234
6497
2117
2117
1460
2920
1460
2920
2920
2920
5840
7300
1460
2920
3650
4234
4737
5186
5597
5977
6333
6669
6988
7293
7585
7866
8136
8397
8650
8896
8896
8896
8828
4448
4448
4448
1460
2920
1460
2920
1460
2920
2920
2920
1460
2920
2920
2920
1460
2920
2920
1460
2920
2920
2920
1460
2920
2920
1460
2920
2920
2920
1460
2920
2920
2920
1460
2920
2920
2920
5840
1460
2920
2920
2920
5840
7300
1460
2920
3650
4234
4737
4737
4737
6748
2368
1460
2920
2920
1460
2920
2920
2920
1460
2920
2920
1460
2920
2920
1460
2920
3650
4234
4234
4234
6497
2117
3123
3805
4365
4853
4853
4853
6806
2426
2426
1460
2920
1460
2920
1460
2920
2920
1460
2920
2920
1460
2920
2920
1460
2920
2920
2920
1460
2920
2920
2920
5840
1460
1460
2920
2920
2920
1460
2920
1460
2920
2920
2920
5840
1460
1460
2920
1460
2920
2920
2920
5840
1460
1460
1460
2920
1460
2920
2920
2920
5840
1460
1460
2920
2920
2920
5840
1460
1460
1460
2920
2920
1460
2920
2920
2920
5840
1460
1460
2920
2920
2920
5840
1460
1460
1460
1460
2920
3650
4234
4234
4234
6497
2117
2117
1460
2920
2920
2920
1460
2920
2920
1460
2920
2920
2920
5840
1460
1460
2920
2920
2920
1460
2920
2920
1460
2920
1460
2920
2920
1460
2920
2920
1460
2920
2920
1460
2920
2920
1460
2920
2920
1460
2920
2920
1460
2920
2920
2920
5840
1460
1460
1460
2920
3650
4234
4737
4737
4737
6748
2368
2368
2368
1460
2920
2920
2920
1460
2920
2920
2920
1460
2920
2920
2920
5840
1460
1460
1460
2920
3650
4234
4737
5186
5186
5186
6973
2593
2593
1460
2920
2920
2920
1460
2920
2920
2920
1460
2920
2920
2920
5840
1460
2920
3650
4234
4234
4234
6497
2117
2117
1460
2920
2920
2920
1460
2920
2920
1460
2920
2920
2920
1460
2920
1460
2920
2920
1460
2920
2920
2920
5840
1460
2920
2920
2920
5840
1460
1460
1460
2920
2920
2920
5840
1460
2920
3650
4234
4234
4234
6497
2117
3123
3805
4365
4853
4853
4853
6806
2426
3304
3949
4488
4488
4488
6624
2244
2244
2244
5502
1122
3021
3726
4298
4298
4298
6529
2149
2149
1460
2920
2920
2920
1460
2920
2920
2920
1460
2920
2920
1460
2920
1460
2920
2920
1460
2920
2920
2920
5840
1460
2920
2920
2920
5840
1460
1460
1460
1460
2920
2920
2920
5840
7300
1460
2920
2920
2920
5840
1460
1460
2920
2920
2920
5840
1460
1460
1460
2920
2920
1460
2920
2920
1460
2920
2920
1460
2920
2920
2920
1460
2920
2920
1460
2920
2920
1460
2920
2920
2920
5840
1460
1460
2920
2920
2920
5840
1460
1460
1460
2920
3650
3650
3650
6205
1825
1460
2920
2920
1460
2920
2920
2920
1460
2920
2920
2920
1460
2920
2920
2920
5840
1460
1460
2920
1460
2920
2920
2920
1460
2920
2920
1460
2920
1460
2920
1460
2920
2920
2920
1460
2920
2920
1460
2920
2920
2920
1460
2920
2920
1460
2920
2920
2920
5840
1460
1460
1460
2920
2920
2920
1460
2920
2920
1460
2920
2920
2920
1460
2920
1460
2920
2920
1460
2920
1460
2920
2920
2920
1460
2920
2920
1460
2920
1460
2920
2920
2920
1460
2920
2920
2920
1460
2920
2920
1460
2920
2920
2920
5840
1460
1460
1460
2920
3650
4234
4234
4234
6497
2117
2117
1460
2920
2920
2920
5840
1460
1460
2920
2920
2920
1460
2920
2920
1460
2920
2920
1460
2920
2920
1460
2920
1460
2920
2920
1460
2920
1460
2920
1460
2920
1460
2920
2920
1460
2920
2920
1460
2920
2920
1460
2920
1460
2920
2920
2920
1460
2920
2920
1460
2920
2920
1460
2920
1460
2920
2920
2920
1460
2920
2920
1460
2920
2920
1460
2920
2920
1460
2920
2920
2920
1460
2920
2920
2920
1460
2920
2920
2920
5840
1460
1460
1460
1460
2920
3650
4234
4737
5186
5597
5977
6333
6669
6669
6669
7714
3334
3334
3334
1460
2920
2920
1460
2920
2920
2920
5840
7300
1460
1460
1460
2920
2920
2920
5840
1460
1460
1460
2920
3650
4234
4737
5186
5186
5186
6973
2593
2593
1460
2920
2920
1460
2920
2920
1460
2920
2920
2920
5840
1460
1460
2920
2920
1460
2920
2920
2920
5840
1460
2920
3650
4234
4737
5186
5597
5597
5597
7178
2798
2798
2798
1460
2920
2920
1460
2920
2920
1460
2920
2920
2920
1460
2920
2920
2920
1460
2920
2920
1460
2920
3650
4234
4737
5186
5597
5977
6333
6669
6988
6988
6988
7874
3494
3494
1460
2920
2920
2920
1460
2920
2920
1460
2920
3650
4234
4737
5186
5597
5597
5597
7178
2798
2798
2798
5779
7239
1399
2922
2922
2922
5841
1461
1461
1460
2920
3650
4234
4737
5186
5186
5186
6973
8433
2593
2593
2593
5676
7136
1296
2940
3665
3665
3665
1460
2920
1460
2920
1460
2920
2920
1460
2920
2920
1460
2920
2920
2920
1460
2920
2920
2920
1460
2920
3650
3650
3650
6205
1825
1825
1460
2920
2920
2920
5840
7300
1460
2920
3650
4234
4234
4234
6497
7957
2117
3123
3123
3123
1460
2920
1460
2920
2920
2920
1460
2920
2920
2920
1460
2920
2920
1460
2920
2920
1460
2920
2920
2920
5840
1460
1460
1460
2920
3650
4234
4737
5186
5186
5186
6973
2593
1460
2920
2920
2920
1460
2920
2920
1460
2920
2920
1460
2920
2920
1460
2920
2920
1460
2920
2920
1460
2920
2920
1460
2920
2920
2920
1460
2920
2920
1460
2920
2920
2920
5840
1460
1460
2920
2920
2920
5840
1460
2920
3650
4234
4737
4737
4737
6748
2368
3268
3268
3268
6014
7474
1634
2938
2938
2938
5849
1469
1469
1460
2920
3650
4234
4737
5186
5186
5186
6973
2593
2593
2593
1460
2920
2920
2920
5840
1460
1460
2920
2920
2920
5840
7300
1460
1460
1460
1460
2920
3650
3650
3650
6205
1825
2993
3705
4280
4778
5224
5632
5632
5632
7196
2816
2816
1460
2920
2920
2920
1460
2920
2920
2920
5840
1460
1460
1460
2920
2920
2920
5840
1460
1460
1460
2920
3650
3650
3650
6205
1825
1460
2920
2920
1460
2920
2920
1460
2920
2920
2920
5840
1460
1460
1460
1460
2920
3650
4234
4737
4737
4737
6748
2368
2368
1460
2920
2920
2920
5840
1460
1460
1460
2920
2920
2920
5840
1460
1460
1460
2920
3650
4234
4737
5186
5186
5186
6973
2593
3415
4039
4039
4039
6399
2019
2019
1460
2920
2920
2920
1460
2920
3650
4234
4737
5186
5186
5186
6973
2593
2593
1460
2920
2920
2920
1460
2920
3650
3650
3650
6205
1825
2993
3705
4280
4778
5224
5632
6010
6010
6010
7385
3005
3005
3005
5882
1502
1460
2920
2920
1460
2920
2920
2920
1460
2920
2920
1460
2920
2920
1460
2920
2920
1460
2920
2920
2920
1460
2920
2920
2920
1460
2920
1460
2920
2920
2920
1460
2920
2920
2920
5840
1460
1460
1460
2920
3650
3650
3650
6205
7665
1825
1825
1825
5292
912
3249
3905
3905
3905
6332
1952
3044
3044
3044
5902
1522
1522
1460
2920
2920
2920
5840
1460
1460
1460
2920
2920
2920
5840
1460
2920
3650
4234
4737
4737
4737
6748
2368
2368
1460
2920
2920
1460
2920
2920
2920
1460
2920
3650
4234
4234
4234
6497
2117
2117
1460
2920
1460
2920
2920
1460
2920
3650
3650
3650
6205
1825
1460
2920
2920
2920
1460
2920
2920
2920
5840
1460
1460
2920
2920
1460
2920
2920
2920
5840
7300
1460
1460
2920
2920
2920
5840
1460
1460
2920
2920
2920
1460
2920
2920
1460
2920
2920
2920
1460
2920
2920
1460
2920
2920
1460
2920
2920
2920
5840
1460
1460
2920
2920
2920
1460
2920
2920
1460
2920
2920
1460
2920
2920
2920
1460
2920
2920
1460
2920
2920
2920
5840
1460
1460
1460
2920
2920
2920
5840
1460
1460
1460
1460
2920
2920
2920
5840
1460
1460
1460
2920
3650
4234
4234
4234
6497
2117
2117
1460
2920
2920
2920
5840
1460
1460
1460
1460
2920
2920
2920
1460
2920
2920
2920
1460
2920
2920
2920
1460
2920
2920
2920
1460
2920
3650
4234
4737
5186
5186
5186
6973
2593
3415
3415
3415
6087
1707
2955
3676
4255
4755
5203
5612
5991
6346
6681
6681
6681
7720
9180
3340
3978
4513
4985
5412
5805
6172
6172
6172
7466
3086
3086
3086
5923
1543
1543
1543
5151
771
771
1460
2920
3650
3650
3650
6205
1825
2993
3705
4280
4280
4280
6520
2140
2140
2140
1460
2920
3650
3650
3650
6205
1825
1825
1460
2920
3650
4234
4737
5186
5186
5186
6973
2593
2593
1460
2920
1460
2920
2920
2920
5840
1460
2920
3650
4234
4234
4234
6497
2117
2117
1460
2920
2920
2920
5840
1460
1460
1460
2920
2920
2920
5840
1460
1460
1460
2920
3650
3650
3650
6205
1825
1460
2920
2920
2920
5840
1460
1460
2920
2920
2920
5840
1460
2920
3650
3650
3650
6205
1825
1460
2920
2920
2920
1460
2920
2920
1460
2920
2920
2920
5840
1460
1460
2920
2920
2920
5840
7300
1460
2920
3650
4234
4737
5186
5597
5977
6333
6669
6988
7293
7585
7866
8136
8397
8397
8397
8578
10038
4198
4705
5158
5158
5158
6959
2579
2579
2579
5669
1289
1289
1460
2920
2920
1460
2920
2920
2920
1460
2920
2920
1460
2920
1460
2920
2920
1460
2920
2920
1460
2920
1460
2920
2920
2920
1460
2920
2920
1460
2920
1460
2920
2920
1460
2920
2920
2920
1460
2920
2920
1460
2920
2920
1460
2920
3650
4234
4737
5186
5597
5977
5977
5977
7368
8828
2988
3701
4276
4774
5220
5220
5220
6990
2610
2610
2610
1460
2920
2920
2920
1460
2920
2920
2920
1460
2920
2920
2920
1460
2920
2920
2920
5840
1460
1460
1460
2920
2920
2920
5840
1460
1460
2920
2920
2920
5840
7300
1460
2920
3650
3650
3650
6205
1825
1460
2920
2920
2920
5840
7300
1460
1460
1460
1460
2920
3650
4234
4234
4234
6497
2117
2117
1460
2920
2920
2920
1460
2920
2920
2920
1460
2920
2920
1460
2920
2920
2920
1460
2920
2920
1460
2920
2920
2920
1460
2920
2920
2920
1460
2920
1460
2920
2920
2920
5840
1460
1460
2920
2920
2920
5840
7300
1460
2920
3650
4234
4234
4234
6497
7957
2117
2117
1460
2920
2920
2920
1460
2920
1460
2920
2920
1460
2920
2920
2920
1460
2920
2920
1460
2920
2920
2920
1460
2920
2920
2920
1460
2920
2920
2920
5840
1460
1460
1460
2920
3650
3650
3650
6205
1825
1825
1460
2920
2920
2920
5840
1460
1460
2920
2920
2920
1460
2920
1460
2920
2920
1460
2920
2920
1460
2920
2920
1460
2920
1460
2920
2920
2920
1460
2920
2920
1460
2920
2920
2920
5840
1460
1460
2920
2920
2920
5840
1460
2920
3650
3650
3650
6205
1825
1825
1825
1460
2920
2920
2920
5840
1460
1460
1460
2920
3650
4234
4234
4234
6497
2117
2117
1460
2920
3650
4234
4737
5186
5597
5597
5597
7178
2798
3559
4157
4669
4669
4669
6714
2334
3247
3903
4449
4928
5360
5757
5757
5757
7258
2878
2878
2878
5819
7279
1439
2920
3650
3650
3650
6205
1825
1460
2920
2920
1460
2920
1460
2920
2920
1460
2920
2920
2920
1460
2920
2920
1460
2920
2920
1460
2920
2920
2920
5840
1460
1460
1460
2920
1460
2920
2920
2920
5840
1460
1460
1460
2920
1460
2920
2920
2920
5840
1460
1460
1460
2920
3650
4234
4737
5186
5597
5597
5597
7178
2798
2798
1460
2920
1460
2920
1460
2920
2920
2920
5840
7300
1460
2920
3650
3650
3650
6205
1825
1825
1825
1460
2920
2920
2920
5840
1460
1460
1460
2920
3650
3650
3650
6205
1825
1825
1460
2920
2920
2920
5840
1460
1460
1460
1460
2920
2920
2920
5840
1460
1460
2920
2920
2920
1460
2920
2920
1460
2920
1460
2920
2920
1460
2920
2920
2920
5840
1460
1460
1460
2920
2920
2920
5840
1460
1460
1460
2920
2920
2920
1460
2920
2920
2920
5840
1460
1460
1460
2920
2920
2920
5840
1460
2920
3650
4234
4737
5186
5597
5977
5977
5977
7368
2988
2988
1460
2920
2920
2920
5840
1460
1460
2920
2920
2920
5840
7300
1460
1460
1460
1460
2920
3650
4234
4737
5186
5186
5186
6973
2593
2593
2593
1460
2920
2920
2920
5840
1460
1460
2920
2920
2920
5840
1460
1460
1460
1460
2920
3650
4234
4234
4234
6497
2117
1460
2920
2920
2920
1460
2920
2920
1460
2920
2920
2920
1460
2920
2920
2920
5840
1460
2920
3650
3650
3650
6205
7665
1825
2993
3705
4280
4778
5224
5632
6010
6364
6364
6364
7562
3182
3182
3182
1460
2920
2920
2920
1460
2920
1460
2920
2920
2920
1460
2920
2920
2920
1460
2920
2920
1460
2920
1460
2920
2920
2920
1460
2920
2920
1460
2920
2920
2920
1460
2920
2920
1460
2920
2920
2920
5840
1460
1460
1460
2920
3650
3650
3650
6205
1825
1825
1460
2920
2920
1460
2920
2920
1460
2920
1460
2920
2920
2920
1460
2920
2920
1460
2920
2920
1460
2920
2920
1460
2920
2920
1460
2920
2920
2920
5840
1460
1460
1460
1460
2920
3650
3650
3650
6205
1825
1825
1460
2920
2920
1460
2920
3650
4234
4234
4234
6497
2117
2117
1460
2920
2920
1460
2920
2920
2920
5840
1460
2920
3650
4234
4737
5186
5597
5977
6333
6669
6988
7293
7585
7866
8136
8397
8397
8397
8578
4198
4198
4198
6479
2099
2099
1460
2920
2920
2920
5840
1460
1460
1460
1460
2920
3650
4234
4737
5186
5597
5977
6333
6333
6333
7546
3166
1460
2920
2920
1460
2920
2920
1460
2920
2920
1460
2920
2920
1460
2920
1460
2920
1460
2920
2920
2920
5840
7300
1460
1460
2920
2920
1460
2920
2920
1460
2920
1460
2920
2920
1460
2920
2920
2920
1460
2920
2920
2920
1460
2920
3650
3650
3650
6205
1825
1460
2920
2920
1460
2920
1460
2920
2920
2920
1460
2920
2920
2920
1460
2920
2920
2920
1460
2920
2920
2920
5840
1460
1460
1460
2920
2920
2920
5840
1460
1460
1460
2920
2920
2920
1460
2920
3650
3650
3650
6205
1825
1825
1825
1460
2920
2920
2920
5840
7300
1460
2920
3650
4234
4234
4234
6497
2117
1460
2920
1460
2920
1460
2920
2920
1460
2920
2920
1460
2920
2920
1460
2920
1460
2920
2920
1460
2920
2920
1460
2920
2920
1460
2920
2920
1460
2920
2920
1460
2920
2920
2920
1460
2920
2920
1460
2920
2920
2920
1460
2920
2920
1460
2920
1460
2920
2920
2920
5840
1460
1460
2920
2920
1460
2920
2920
2920
1460
2920
2920
2920
1460
2920
2920
1460
2920
2920
2920
5840
7300
1460
1460
1460
2920
2920
2920
5840
1460
1460
1460
2920
3650
4234
4234
4234
6497
2117
2117
2117
1460
2920
2920
1460
2920
2920
2920
1460
2920
2920
2920
1460
2920
1460
2920
2920
2920
5840
7300
1460
2920
2920
2920
5840
1460
1460
1460
2920
2920
1460
2920
3650
4234
4737
5186
5186
5186
6973
8433
2593
2593
1460
2920
2920
2920
5840
1460
1460
1460
2920
2920
2920
5840
7300
1460
2920
3650
3650
3650
6205
7665
1825
2993
3705
4280
4778
5224
5632
5632
5632
7196
2816
2816
1460
2920
2920
1460
2920
2920
1460
2920
3650
4234
4737
5186
5597
5977
6333
6669
6669
6669
7714
9174
3334
3334
3334
6047
1667
1667
1667
5213
833
3391
4019
4019
4019
6389
7849
2009
3070
3764
4330
4330
4330
6545
8005
2165
3149
3825
4382
4868
5305
5305
5305
7032
2652
2652
2652
5706
1326
1326
1326
1460
2920
2920
2920
5840
7300
1460
1460
1460
2920
2920
2920
5840
1460
1460
1460
1460
2920
2920
2920
5840
7300
1460
1460
2920
2920
1460
2920
2920
1460
2920
2920
2920
1460
2920
1460
2920
2920
1460
2920
2920
2920
5840
7300
1460
2920
2920
2920
5840
1460
1460
2920
2920
2920
1460
2920
2920
2920
5840
1460
1460
2920
2920
1460
2920
2920
2920
1460
2920
2920
2920
1460
2920
2920
1460
2920
3650
3650
3650
6205
1825
1460
2920
2920
2920
5840
7300
1460
1460
1460
2920
2920
2920
5840
1460
1460
2920
2920
2920
1460
2920
2920
2920
1460
2920
2920
2920
1460
2920
1460
2920
2920
1460
2920
2920
2920
1460
2920
2920
1460
2920
2920
1460
2920
3650
3650
3650
6205
1825
1825
1460
2920
1460
2920
2920
2920
1460
2920
2920
1460
2920
2920
1460
2920
1460
2920
2920
1460
2920
2920
2920
5840
7300
1460
2920
3650
4234
4737
4737
4737
6748
2368
2368
2368
5564
1184
2984
2984
2984
5872
1492
1460
2920
2920
2920
1460
2920
2920
1460
2920
1460
2920
2920
2920
5840
1460
1460
1460
2920
2920
2920
5840
1460
1460
1460
2920
2920
2920
5840
1460
1460
1460
2920
3650
4234
4737
5186
5597
5977
6333
6333
6333
7546
3166
3166
1460
2920
1460
2920
1460
2920
2920
2920
1460
2920
2920
1460
2920
3650
4234
4737
5186
5597
5977
5977
5977
7368
2988
2988
2988
1460
2920
2920
2920
1460
2920
2920
1460
2920
3650
4234
4737
4737
4737
6748
2368
2368
2368
1460
2920
3650
4234
4234
4234
6497
2117
2117
1460
2920
1460
2920
2920
2920
1460
2920
2920
1460
2920
2920
2920
1460
2920
2920
1460
2920
1460
2920
2920
1460
2920
1460
2920
2920
1460
2920
2920
2920
1460
2920
1460
2920
2920
1460
2920
2920
2920
5840
1460
1460
1460
2920
2920
2920
1460
2920
2920
1460
2920
2920
1460
2920
2920
1460
2920
2920
2920
1460
2920
3650
3650
3650
6205
1825
1825
1460
2920
2920
1460
2920
2920
1460
2920
2920
1460
2920
2920
2920
1460
2920
2920
2920
1460
2920
2920
1460
2920
2920
2920
1460
2920
2920
2920
1460
2920
3650
3650
3650
6205
1825
1460
2920
2920
2920
5840
1460
1460
1460
2920
3650
4234
4234
4234
6497
2117
3123
3805
4365
4853
5292
5292
5292
7026
2646
3451
3451
3451
6105
7565
1725
1725
1725
1460
2920
2920
2920
5840
7300
1460
2920
2920
2920
5840
1460
1460
2920
2920
2920
5840
1460
1460
1460
2920
3650
4234
4737
5186
5186
5186
6973
2593
2593
1460
2920
1460
2920
1460
2920
2920
1460
2920
1460
2920
1460
2920
2920
2920
5840
1460
1460
2920
1460
2920
2920
2920
5840
1460
1460
1460
2920
2920
1460
2920
2920
2920
5840
1460
1460
1460
2920
2920
2920
5840
1460
1460
1460
2920
2920
2920
1460
2920
1460
2920
1460
2920
2920
2920
1460
2920
2920
1460
2920
2920
1460
2920
2920
1460
2920
3650
3650
3650
6205
1825
1825
1460
2920
2920
2920
5840
7300
1460
1460
1460
2920
2920
2920
5840
1460
1460
1460
2920
2920
2920
5840
1460
1460
1460
2920
2920
2920
5840
1460
2920
3650
4234
4234
4234
6497
2117
2117
1460
2920
2920
1460
2920
2920
1460
2920
2920
1460
2920
1460
2920
2920
1460
2920
2920
1460
2920
2920
1460
2920
2920
1460
2920
1460
2920
2920
2920
1460
2920
2920
2920
1460
2920
2920
1460
2920
1460
2920
2920
2920
5840
1460
1460
1460
2920
2920
1460
2920
3650
3650
3650
6205
1825
1825
1460
2920
2920
2920
5840
1460
2920
3650
3650
3650
6205
1825
1460
2920
2920
2920
5840
1460
1460
1460
2920
3650
4234
4234
4234
6497
2117
2117
2117
5438
1058
1460
2920
2920
2920
5840
7300
1460
2920
2920
2920
5840
7300
1460
2920
2920
2920
5840
1460
1460
1460
2920
2920
2920
5840
1460
1460
1460
2920
2920
2920
1460
2920
2920
2920
1460
2920
1460
2920
2920
1460
2920
2920
1460
2920
1460
2920
2920
1460
2920
2920
1460
2920
2920
2920
1460
2920
2920
1460
2920
2920
2920
5840
1460
1460
1460
2920
1460
2920
2920
2920
5840
1460
2920
3650
3650
3650
6205
1825
1825
1825
5292
912
912
1460
2920
2920
2920
5840
1460
1460
1460
2920
2920
2920
1460
2920
2920
2920
5840
1460
1460
1460
2920
2920
1460
2920
3650
4234
4737
5186
5186
5186
6973
2593
3415
4039
4566
5032
5032
5032
6896
2516
2516
1460
2920
1460
2920
2920
1460
2920
2920
2920
5840
1460
1460
2920
2920
2920
5840
1460
1460
1460
2920
3650
3650
3650
6205
1825
1825
1825
1460
2920
2920
2920
5840
1460
2920
2920
2920
5840
1460
1460
1460
2920
2920
1460
2920
2920
1460
2920
2920
1460
2920
2920
1460
2920
1460
2920
2920
2920
1460
2920
2920
2920
1460
2920
2920
2920
5840
1460
1460
1460
2920
3650
4234
4737
5186
5597
5977
5977
5977
7368
2988
2988
2988
1460
2920
1460
2920
2920
1460
2920
2920
1460
2920
2920
1460
2920
2920
1460
2920
1460
2920
2920
2920
1460
2920
2920
1460
2920
2920
2920
1460
2920
2920
1460
2920
3650
4234
4737
4737
4737
6748
2368
2368
2368
5564
1184
2984
3698
3698
3698
6229
1849
1849
1460
2920
2920
2920
5840
1460
1460
1460
2920
2920
2920
5840
1460
1460
1460
2920
2920
2920
1460
2920
2920
2920
5840
1460
2920
3650
3650
3650
6205
1825
1825
1460
2920
2920
2920
5840
1460
1460
1460
2920
2920
2920
5840
1460
1460
1460
2920
2920
2920
1460
2920
2920
2920
5840
1460
1460
1460
2920
3650
4234
4737
4737
4737
6748
2368
2368
1460
2920
2920
2920
5840
1460
1460
2920
2920
2920
5840
1460
1460
1460
2920
2920
2920
5840
1460
1460
2920
2920
2920
5840
7300
1460
1460
2920
2920
2920
5840
1460
1460
1460
2920
2920
2920
1460
2920
3650
4234
4737
5186
5597
5977
6333
6669
6988
6988
6988
7874
3494
3494
3494
6127
1747
1460
2920
1460
2920
2920
2920
5840
1460
1460
1460
2920
2920
1460
2920
3650
4234
4234
4234
6497
2117
2117
1460
2920
2920
2920
1460
2920
2920
2920
5840
1460
1460
1460
2920
2920
2920
1460
2920
2920
1460
2920
1460
2920
1460
2920
2920
1460
2920
2920
1460
2920
2920
1460
2920
2920
1460
2920
1460
2920
2920
2920
1460
2920
1460
2920
2920
2920
1460
2920
2920
1460
2920
2920
1460
2920
2920
1460
2920
3650
4234
4737
4737
4737
6748
8208
2368
3268
3920
4463
4940
5371
5767
6136
6483
6811
7123
7422
7709
7709
7709
8234
3854
3854
3854
6307
1927
1460
2920
2920
2920
5840
1460
1460
2920
2920
2920
1460
2920
1460
2920
2920
1460
2920
1460
2920
2920
2920
1460
2920
2920
1460
2920
1460
2920
2920
2920
5840
1460
1460
1460
2920
2920
2920
5840
1460
1460
1460
2920
2920
1460
2920
2920
1460
2920
2920
1460
2920
2920
1460
2920
2920
1460
2920
3650
3650
3650
6205
1825
1825
1825
5292
912
3249
3905
3905
3905
6332
1952
1952
1460
2920
2920
1460
2920
3650
4234
4737
5186
5186
5186
6973
2593
2593
1460
2920
2920
1460
2920
3650
3650
3650
6205
1825
1460
2920
2920
1460
2920
1460
2920
2920
2920
1460
2920
2920
2920
1460
2920
2920
1460
2920
3650
4234
4737
5186
5186
5186
6973
2593
2593
2593
5676
1296
1296
1460
2920
2920
2920
1460
2920
2920
1460
2920
2920
1460
2920
2920
2920
1460
2920
3650
3650
3650
6205
1825
1460
2920
2920
1460
2920
1460
2920
2920
1460
2920
2920
1460
2920
2920
1460
2920
2920
1460
2920
2920
2920
1460
2920
2920
2920
5840
7300
1460
1460
1460
2920
2920
2920
5840
1460
1460
1460
2920
2920
2920
5840
1460
1460
1460
2920
3650
4234
4737
5186
5597
5977
5977
5977
7368
2988
3701
4276
4774
5220
5628
6006
6006
6006
7383
3003
3003
3003
1460
2920
2920
2920
1460
2920
3650
4234
4234
4234
6497
2117
2117
2117
1460
2920
2920
2920
5840
7300
1460
1460
1460
1460
2920
3650
4234
4234
4234
6497
2117
2117
1460
2920
2920
2920
1460
2920
2920
1460
2920
2920
1460
2920
2920
1460
2920
2920
2920
1460
2920
2920
1460
2920
2920
1460
2920
2920
2920
5840
1460
1460
1460
2920
3650
3650
3650
6205
1825
1825
1460
2920
2920
1460
2920
2920
1460
2920
2920
2920
1460
2920
2920
2920
1460
2920
2920
2920
5840
1460
1460
2920
2920
2920
5840
1460
1460
1460
2920
2920
2920
1460
2920
2920
2920
5840
1460
2920
2920
2920
5840
1460
1460
1460
2920
3650
4234
4234
4234
6497
2117
3123
3123
3123
1460
2920
2920
2920
1460
2920
1460
2920
2920
1460
2920
2920
1460
2920
2920
2920
5840
1460
2920
3650
4234
4737
4737
4737
6748
2368
2368
1460
2920
2920
2920
5840
1460
1460
2920
2920
2920
5840
1460
1460
1460
2920
1460
2920
2920
2920
5840
1460
1460
1460
2920
3650
4234
4737
5186
5597
5977
5977
5977
7368
2988
2988
2988
5874
7334
1494
1494
1494
1460
2920
3650
4234
4234
4234
6497
2117
2117
2117
5438
1058
3072
3765
4331
4823
5264
5668
6044
6044
6044
7402
3022
3022
3022
5891
1511
1511
1460
2920
3650
4234
4737
4737
4737
6748
2368
1460
2920
1460
2920
2920
2920
1460
2920
2920
1460
2920
2920
2920
1460
2920
2920
1460
2920
2920
1460
2920
2920
2920
5840
7300
1460
1460
1460
1460
2920
2920
2920
5840
1460
2920
3650
4234
4737
4737
4737
6748
2368
2368
2368
5564
1184
2984
3698
4274
4772
5218
5626
6004
6359
6694
7012
7012
7012
7886
3506
3506
3506
6133
7593
1753
1753
1753
1460
2920
2920
1460
2920
1460
2920
2920
1460
2920
2920
1460
2920
2920
1460
2920
2920
2920
1460
2920
2920
2920
5840
1460
1460
1460
2920
2920
2920
1460
2920
2920
2920
5840
1460
1460
2920
1460
2920
2920
1460
2920
2920
1460
2920
2920
1460
2920
2920
1460
2920
2920
1460
2920
1460
2920
2920
2920
5840
7300
1460
1460
1460
2920
2920
2920
5840
1460
1460
1460
2920
3650
3650
3650
6205
7665
1825
1825
1460
2920
2920
2920
5840
1460
1460
1460
1460
2920
2920
2920
5840
7300
1460
2920
3650
4234
4234
4234
6497
7957
2117
2117
2117
1460
2920
2920
2920
5840
1460
1460
1460
2920
2920
2920
5840
1460
1460
1460
2920
3650
3650
3650
6205
1825
1825
1460
2920
2920
2920
5840
1460
2920
3650
3650
3650
6205
1825
1460
2920
2920
2920
1460
2920
2920
2920
5840
1460
2920
3650
4234
4234
4234
6497
2117
2117
1460
2920
2920
1460
2920
2920
2920
5840
1460
1460
2920
2920
2920
5840
1460
1460
1460
2920
3650
3650
3650
6205
1825
1460
2920
2920
2920
5840
1460
1460
1460
2920
3650
3650
3650
6205
1825
2993
2993
2993
5876
1496
1496
1460
2920
3650
3650
3650
6205
1825
1825
1460
2920
2920
2920
1460
2920
2920
2920
1460
2920
2920
2920
1460
2920
2920
2920
1460
2920
2920
1460
2920
3650
4234
4737
5186
5597
5977
5977
5977
7368
2988
2988
1460
2920
2920
2920
1460
2920
3650
4234
4234
4234
6497
2117
2117
1460
2920
2920
1460
2920
2920
1460
2920
2920
2920
5840
1460
1460
1460
2920
3650
4234
4234
4234
6497
2117
3123
3805
3805
3805
6282
1902
1460
2920
2920
1460
2920
2920
1460
2920
2920
2920
1460
2920
2920
1460
2920
2920
2920
1460
2920
1460
2920
2920
2920
1460
2920
2920
1460
2920
2920
1460
2920
2920
2920
5840
1460
1460
1460
2920
2920
2920
1460
2920
2920
1460
2920
2920
2920
1460
2920
2920
1460
2920
3650
3650
3650
6205
7665
1825
1825
1460
2920
2920
2920
5840
7300
1460
1460
1460
1460
2920
3650
3650
3650
6205
7665
1825
1825
1825
1460
2920
1460
2920
1460
2920
3650
3650
3650
6205
1825
1825
1460
2920
1460
2920
2920
2920
1460
2920
2920
2920
1460
2920
2920
2920
1460
2920
1460
2920
2920
1460
2920
2920
2920
5840
7300
1460
2920
3650
3650
3650
6205
7665
1825
2993
3705
4280
4778
5224
5632
6010
6364
6364
6364
7562
9022
3182
3851
4404
4888
5324
5724
6096
6445
6445
6445
7602
3222
3222
3222
1460
2920
2920
2920
1460
2920
2920
1460
2920
2920
2920
5840
1460
1460
1460
2920
3650
4234
4737
5186
5597
5977
5977
5977
7368
2988
2988
1460
2920
1460
2920
1460
2920
2920
1460
2920
2920
1460
2920
2920
2920
5840
1460
2920
2920
2920
1460
2920
2920
1460
2920
2920
2920
1460
2920
2920
2920
1460
2920
2920
2920
5840
1460
1460
1460
1460
2920
3650
4234
4234
4234
6497
7957
2117
2117
2117
1460
2920
2920
2920
1460
2920
1460
2920
2920
1460
2920
2920
1460
2920
2920
2920
1460
2920
1460
2920
2920
2920
1460
2920
2920
2920
5840
1460
1460
1460
2920
3650
3650
3650
6205
1825
1825
1460
2920
2920
1460
2920
2920
2920
5840
1460
1460
1460
2920
2920
2920
5840
1460
1460
1460
2920
2920
2920
5840
7300
1460
2920
3650
4234
4234
4234
1460
2920
1460
2920
1460
2920
2920
2920
1460
2920
2920
1460
2920
2920
2920
1460
2920
1460
2920
2920
2920
5840
7300
1460
2920
3650
3650
3650
6205
7665
1825
2993
3705
4280
4778
4778
4778
6769
2389
2389
2389
5574
7034
1194
2979
2979
2979
5869
1489
1489
1460
2920
2920
2920
5840
1460
1460
1460
2920
3650
3650
3650
6205
7665
1825
1825
1460
2920
1460
2920
2920
2920
1460
2920
2920
2920
1460
2920
1460
2920
2920
2920
5840
1460
1460
2920
2920
2920
5840
7300
1460
2920
3650
3650
3650
6205
1825
1825
1460
2920
3650
4234
4737
5186
5597
5977
6333
6669
6988
7293
7585
7585
7585
8172
3792
3792
3792
1460
2920
2920
2920
1460
2920
1460
2920
2920
1460
2920
2920
1460
2920
2920
2920
1460
2920
2920
2920
1460
2920
2920
2920
1460
2920
1460
2920
1460
2920
1460
2920
2920
2920
5840
1460
1460
2920
1460
2920
2920
2920
5840
1460
1460
2920
2920
2920
1460
2920
2920
2920
1460
2920
2920
1460
2920
2920
2920
5840
1460
2920
3650
4234
4234
4234
6497
2117
2117
1460
2920
2920
2920
1460
2920
2920
2920
5840
1460
1460
1460
2920
2920
1460
2920
2920
2920
5840
1460
1460
1460
2920
2920
2920
5840
1460
1460
1460
2920
2920
2920
5840
1460
1460
2920
2920
2920
5840
1460
1460
1460
1460
2920
2920
2920
5840
1460
1460
1460
2920
2920
2920
1460
2920
2920
2920
5840
1460
1460
1460
1460
2920
3650
3650
3650
6205
1825
1825
1825
5292
912
3249
3249
3249
6004
1624
1624
1460
2920
3650
4234
4737
4737
4737
6748
2368
2368
1460
2920
2920
1460
2920
1460
2920
2920
2920
5840
1460
1460
1460
2920
2920
2920
5840
1460
2920
2920
2920
5840
1460
1460
1460
1460
2920
2920
2920
5840
1460
1460
1460
2920
2920
1460
2920
2920
2920
1460
2920
2920
1460
2920
2920
2920
1460
2920
2920
1460
2920
2920
2920
5840
1460
1460
1460
2920
3650
3650
3650
6205
1825
2993
3705
4280
4778
5224
5224
5224
6992
2612
2612
1460
2920
2920
2920
5840
1460
1460
1460
2920
2920
2920
5840
1460
1460
1460
2920
2920
2920
5840
1460
1460
1460
2920
2920
2920
5840
1460
1460
1460
1460
2920
2920
2920
5840
1460
1460
1460
2920
2920
2920
1460
2920
2920
2920
5840
1460
1460
1460
2920
2920
1460
2920
3650
4234
4737
4737
4737
6748
8208
2368
3268
3920
3920
3920
6340
1960
1960
1460
2920
2920
2920
1460
2920
2920
2920
5840
1460
2920
3650
4234
4234
4234
6497
2117
2117
2117
1460
2920
3650
4234
4737
5186
5597
5977
6333
6669
6669
6669
7714
3334
3973
3973
3973
6366
1986
1460
2920
1460
2920
1460
2920
2920
2920
1460
2920
2920
1460
2920
2920
2920
1460
2920
2920
1460
2920
2920
1460
2920
2920
2920
5840
7300
1460
2920
3650
4234
4737
5186
5186
5186
6973
2593
1460
2920
2920
1460
2920
2920
1460
2920
2920
2920
5840
1460
2920
3650
4234
4234
4234
6497
2117
1460
2920
2920
2920
1460
2920
2920
1460
2920
2920
1460
2920
1460
2920
2920
1460
2920
2920
1460
2920
1460
2920
2920
2920
5840
1460
1460
1460
2920
2920
1460
2920
3650
4234
4737
5186
5597
5597
5597
7178
2798
2798
1460
2920
1460
2920
1460
2920
2920
1460
2920
3650
4234
4234
4234
6497
2117
2117
1460
2920
2920
2920
1460
2920
3650
4234
4234
4234
6497
2117
2117
1460
2920
2920
2920
5840
1460
1460
2920
2920
2920
5840
1460
1460
2920
2920
2920
5840
1460
1460
1460
2920
2920
2920
5840
7300
1460
1460
1460
1460
2920
2920
2920
5840
1460
1460
1460
1460
2920
3650
4234
4737
5186
5597
5977
6333
6669
6988
7293
7293
7293
8026
3646
3646
3646
6203
1823
1823
1460
2920
2920
2920
1460
2920
2920
1460
2920
2920
2920
1460
2920
2920
2920
5840
7300
1460
2920
3650
4234
4737
5186
5597
5977
6333
6669
6988
6988
6988
7874
3494
3494
3494
1460
2920
1460
2920
2920
2920
1460
2920
2920
1460
2920
1460
2920
2920
1460
2920
2920
2920
5840
1460
1460
1460
2920
2920
2920
5840
1460
1460
1460
2920
2920
1460
2920
2920
2920
5840
7300
1460
2920
2920
2920
5840
1460
1460
1460
1460
2920
2920
2920
5840
1460
1460
1460
2920
2920
2920
1460
2920
2920
1460
2920
2920
1460
2920
2920
1460
2920
2920
1460
2920
2920
1460
2920
2920
1460
2920
2920
2920
5840
7300
1460
1460
2920
2920
2920
5840
1460
1460
1460
2920
2920
2920
5840
1460
1460
1460
2920
2920
2920
1460
2920
3650
3650
3650
6205
1825
1825
1460
2920
1460
2920
1460
2920
1460
2920
2920
2920
1460
2920
2920
1460
2920
1460
2920
2920
2920
1460
2920
2920
2920
1460
2920
2920
1460
2920
3650
4234
4737
5186
5597
5977
6333
6669
6988
6988
6988
7874
3494
3494
3494
6127
1747
1460
2920
2920
1460
2920
2920
2920
5840
1460
1460
1460
2920
2920
2920
5840
1460
1460
1460
1460
2920
3650
3650
3650
6205
1825
1825
1460
2920
2920
2920
5840
1460
1460
1460
1460
2920
3650
3650
3650
6205
1825
1825
1825
1460
2920
2920
2920
5840
1460
1460
2920
2920
2920
5840
1460
1460
1460
2920
2920
2920
1460
2920
2920
1460
2920
1460
2920
2920
1460
2920
2920
2920
1460
2920
2920
2920
1460
2920
2920
1460
2920
2920
2920
5840
1460
1460
2920
2920
2920
1460
2920
2920
2920
1460
2920
2920
1460
2920
2920
2920
1460
2920
3650
3650
3650
6205
7665
1825
2993
3705
4280
4778
4778
4778
6769
2389
2389
2389
1460
2920
2920
2920
1460
2920
2920
1460
2920
2920
2920
1460
2920
2920
2920
5840
1460
1460
1460
2920
2920
2920
1460
2920
2920
2920
5840
1460
1460
1460
2920
3650
4234
4737
5186
5597
5977
5977
5977
7368
2988
2988
1460
2920
2920
1460
2920
3650
4234
4737
4737
4737
6748
2368
2368
2368
1460
2920
2920
2920
5840
1460
1460
2920
2920
2920
5840
1460
1460
2920
2920
2920
1460
2920
2920
2920
1460
2920
2920
1460
2920
3650
4234
4737
4737
4737
6748
2368
2368
2368
1460
2920
2920
2920
5840
1460
2920
3650
3650
3650
6205
1825
1460
2920
2920
1460
2920
1460
2920
1460
2920
2920
2920
1460
2920
2920
2920
1460
2920
2920
1460
2920
2920
1460
2920
3650
4234
4737
5186
5597
5597
5597
7178
2798
2798
2798
1460
2920
2920
2920
5840
7300
1460
2920
2920
2920
5840
1460
1460
1460
2920
2920
2920
1460
2920
2920
2920
5840
1460
1460
1460
2920
2920
2920
5840
1460
1460
1460
2920
3650
4234
4737
5186
5597
5977
6333
6669
6988
6988
6988
7874
3494
3494
1460
2920
2920
2920
1460
2920
2920
1460
2920
3650
4234
4737
5186
5186
5186
6973
8433
2593
3415
3415
1460
2920
2920
1460
2920
2920
1460
2920
1460
2920
2920
2920
1460
2920
1460
2920
2920
2920
1460
2920
2920
2920
1460
2920
2920
2920
1460
2920
2920
2920
1460
2920
2920
2920
5840
1460
1460
2920
2920
2920
5840
1460
1460
1460
2920
2920
2920
1460
2920
2920
2920
5840
1460
1460
2920
2920
1460
2920
2920
2920
5840
7300
1460
2920
2920
2920
5840
7300
1460
1460
1460
1460
2920
3650
4234
4737
5186
5597
5597
5597
7178
2798
2798
2798
1460
2920
2920
2920
5840
1460
1460
1460
2920
1460
2920
2920
2920
1460
2920
2920
2920
1460
2920
2920
1460
2920
2920
2920
5840
7300
1460
1460
1460
2920
2920
2920
5840
1460
1460
1460
1460
2920
3650
3650
3650
6205
1825
2993
2993
2993
5876
1496
2920
2920
2920
5840
1460
1460
1460
1460
2920
3650
4234
4737
4737
4737
6748
2368
2368
2368
1460
2920
3650
4234
4234
4234
6497
2117
2117
2117
1460
2920
3650
3650
3650
6205
1825
1825
1460
2920
2920
2920
5840
1460
2920
3650
4234
4234
4234
6497
2117
2117
1460
2920
1460
2920
2920
1460
2920
1460
2920
2920
2920
1460
2920
2920
2920
1460
2920
2920
1460
2920
2920
2920
5840
1460
1460
1460
2920
2920
2920
1460
2920
2920
1460
2920
1460
2920
1460
2920
2920
2920
5840
1460
1460
1460
2920
2920
1460
2920
3650
3650
3650
6205
1825
2993
2993
2993
5876
1496
1460
2920
2920
1460
2920
2920
2920
5840
1460
2920
3650
3650
3650
6205
1825
1825
1460
2920
2920
2920
5840
1460
1460
1460
2920
2920
2920
5840
1460
1460
2920
2920
2920
1460
2920
2920
1460
2920
2920
1460
2920
1460
2920
1460
2920
2920
1460
2920
1460
2920
1460
2920
1460
2920
2920
2920
1460
2920
2920
1460
2920
1460
2920
2920
1460
2920
2920
1460
2920
2920
2920
1460
2920
1460
2920
2920
2920
1460
2920
2920
2920
5840
1460
2920
3650
4234
4737
5186
5597
5597
5597
7178
2798
3559
3559
3559
6159
1779
1779
1460
2920
3650
4234
4737
5186
5597
5977
6333
6333
6333
7546
3166
3839
4394
4394
4394
6577
2197
2197
2197
1460
2920
3650
4234
4234
4234
6497
2117
2117
2117
5438
1058
1058
1460
2920
3650
4234
4737
5186
5597
5977
6333
6333
6333
7546
3166
3166
3166
1460
2920
2920
1460
2920
1460
2920
2920
1460
2920
1460
2920
2920
1460
2920
2920
1460
2920
2920
1460
2920
1460
2920
2920
1460
2920
2920
2920
1460
2920
2920
1460
2920
2920
2920
1460
2920
2920
1460
2920
2920
1460
2920
2920
1460
2920
2920
2920
1460
2920
2920
2920
1460
2920
2920
2920
1460
2920
2920
2920
5840
1460
1460
1460
2920
2920
2920
5840
1460
1460
2920
2920
1460
2920
2920
2920
1460
2920
2920
2920
5840
1460
1460
1460
2920
3650
4234
4737
5186
5186
5186
6973
2593
2593
1460
2920
2920
2920
5840
1460
2920
3650
3650
3650
6205
1825
1460
2920
2920
2920
1460
2920
2920
1460
2920
1460
2920
2920
2920
5840
1460
1460
1460
2920
1460
2920
2920
2920
5840
1460
1460
1460
2920
2920
2920
1460
2920
2920
2920
5840
1460
1460
1460
2920
3650
4234
4234
4234
6497
2117
2117
1460
2920
2920
2920
1460
2920
2920
2920
5840
1460
2920
3650
3650
3650
6205
1825
1825
1460
2920
2920
2920
1460
2920
2920
2920
5840
1460
1460
2920
2920
2920
1460
2920
2920
1460
2920
2920
1460
2920
2920
2920
5840
1460
1460
1460
2920
3650
3650
3650
6205
1825
1825
1460
2920
2920
1460
2920
2920
1460
2920
2920
2920
5840
1460
1460
2920
2920
2920
5840
1460
1460
1460
2920
2920
1460
2920
2920
2920
1460
2920
2920
1460
2920
1460
2920
2920
2920
5840
1460
1460
1460
2920
2920
1460
2920
2920
2920
1460
2920
2920
2920
1460
2920
2920
2920
1460
2920
2920
1460
2920
3650
3650
3650
6205
1825
1825
1460
2920
3650
4234
4234
4234
6497
2117
1460
2920
1460
2920
1460
2920
2920
1460
2920
2920
1460
2920
2920
1460
2920
2920
1460
2920
2920
1460
2920
3650
4234
4737
4737
4737
6748
2368
2368
1460
2920
2920
1460
2920
2920
2920
5840
1460
1460
2920
2920
2920
1460
2920
1460
2920
2920
2920
1460
2920
2920
1460
2920
2920
1460
2920
2920
2920
5840
1460
1460
1460
2920
3650
4234
4234
4234
6497
2117
2117
2117
5438
1058
1058
1460
2920
3650
3650
3650
6205
1825
2993
3705
3705
3705
6232
1852
1852
1460
2920
2920
2920
5840
1460
1460
1460
2920
3650
3650
3650
6205
7665
1825
1825
1460
2920
2920
2920
1460
2920
2920
1460
2920
2920
2920
5840
7300
1460
1460
1460
1460
2920
3650
4234
4234
4234
6497
2117
1460
2920
2920
2920
5840
7300
1460
1460
1460
2920
2920
2920
5840
7300
1460
1460
1460
1460
2920
3650
3650
3650
6205
1825
1460
2920
2920
2920
5840
1460
1460
1460
2920
2920
2920
5840
1460
1460
2920
2920
2920
5840
1460
1460
2920
2920
1460
2920
2920
2920
5840
7300
1460
2920
2920
2920
5840
1460
1460
1460
2920
3650
4234
4737
5186
5186
5186
6973
2593
2593
2593
1460
2920
2920
2920
5840
1460
2920
3650
4234
4737
5186
5186
5186
6973
2593
2593
1460
2920
2920
2920
1460
2920
1460
2920
2920
2920
5840
7300
1460
1460
2920
2920
2920
5840
1460
1460
1460
2920
2920
2920
5840
1460
2920
3650
4234
4737
4737
4737
6748
2368
1460
2920
2920
1460
2920
1460
2920
2920
1460
2920
2920
1460
2920
2920
1460
2920
2920
1460
2920
1460
2920
2920
2920
5840
7300
1460
1460
1460
1460
2920
3650
3650
3650
6205
1825
2993
3705
4280
4778
4778
4778
6769
2389
2389
1460
2920
1460
2920
2920
2920
1460
2920
2920
1460
2920
2920
1460
2920
2920
1460
2920
2920
1460
2920
2920
2920
5840
1460
1460
1460
2920
3650
3650
3650
6205
1825
1825
1460
2920
1460
2920
2920
2920
1460
2920
2920
2920
5840
1460
2920
3650
4234
4737
5186
5597
5977
6333
6669
6988
7293
7293
7293
8026
3646
3646
3646
6203
1823
2992
3704
4279
4279
4279
6519
2139
2139
2139
1460
2920
3650
4234
4737
4737
4737
6748
2368
2368
2368
1460
2920
2920
2920
1460
2920
2920
2920
5840
7300
1460
1460
1460
2920
2920
2920
1460
2920
2920
2920
1460
2920
2920
1460
2920
2920
2920
5840
1460
1460
1460
2920
3650
3650
3650
6205
1825
1460
2920
2920
2920
1460
2920
2920
1460
2920
2920
1460
2920
2920
1460
2920
2920
2920
1460
2920
2920
2920
1460
2920
2920
2920
1460
2920
3650
3650
3650
6205
1825
1825
1825
1460
2920
2920
2920
5840
7300
1460
1460
2920
2920
1460
2920
2920
2920
5840
7300
1460
1460
1460
2920
2920
2920
5840
1460
2920
3650
4234
4737
4737
4737
6748
2368
2368
2368
5564
1184
1184
1460
2920
3650
4234
4234
4234
6497
2117
1460
2920
2920
1460
2920
2920
1460
2920
2920
2920
1460
2920
2920
2920
5840
7300
1460
1460
1460
1460
